      | a | b | c | d |
      ________________
<-> 0 | 1 | 2 | 2 | 2 |
      ________________
    1 | 2 | 5 | 6 | 7 |
      ________________
    2 | 2 | 2 | 2 | 2 |
      ________________
    2 | 2 | 2 | 2 | 2 |
      ________________
    2 | 2 | 2 | 2 | 2 |
      ________________
    5 | 2 | 2 | 6 | 2 |
      ________________
    6 | 2 | 2 | 2 | 7 |
      ________________
<-  7 | 9 | 2 | 2 | 2 |
      ________________
    6 | 2 | 2 | 2 | 7 |
      ________________
    9 | 2 | 5 | 6 | 7 |
      ________________
    5 | 2 | 2 | 6 | 2 |
      ________________
    6 | 2 | 2 | 2 | 7 |
      ________________
