      | &   | b | a | c |
      ____________________
 -> 0 | 1 10 | 21 | 21 | 21 |
      ____________________
    1 | 2 6 | 21 | 21 | 21 |
      ____________________
    2 | 3 5 | 21 | 21 | 21 |
      ____________________
    3 | 21   | 4 | 21 | 21 |
      ____________________
    4 | 3   | 21 | 21 | 21 |
      ____________________
    5 | 8   | 21 | 21 | 21 |
      ____________________
    6 | 21   | 21 | 7 | 21 |
      ____________________
    7 | 8   | 21 | 21 | 21 |
      ____________________
    8 | 21   | 21 | 21 | 9 |
      ____________________
    9 | 21   | 21 | 21 | 20 |
      ____________________
    10 | 11 14 | 21 | 21 | 21 |
      ____________________
    11 | 12 13 | 21 | 21 | 21 |
      ____________________
    12 | 13   | 21 | 13 | 21 |
      ____________________
    13 | 12 16 | 21 | 21 | 21 |
      ____________________
    14 | 21   | 15 | 21 | 21 |
      ____________________
    15 | 16   | 21 | 21 | 21 |
      ____________________
    16 | 17 19 | 21 | 21 | 21 |
      ____________________
    17 | 21   | 21 | 21 | 18 |
      ____________________
    18 | 17 19 | 21 | 21 | 21 |
      ____________________
    19 | 20   | 21 | 21 | 21 |
      ____________________
    20 | 21   | 21 | 21 | 21 |
      ____________________
    22 | 21   | 21 | 21 | 21 |
      ____________________
