      | &   | a | b | c |
      ____________________
 -> 0 | 1 7 | 13 | 13 | 13 |
      ____________________
    1 | 2 4 | 13 | 13 | 13 |
      ____________________
    2 | 13   | 3 | 13 | 13 |
      ____________________
    3 | 5   | 13 | 13 | 13 |
      ____________________
    4 | 5   | 13 | 4 | 13 |
      ____________________
    5 | 13   | 13 | 13 | 6 |
      ____________________
    6 | 12   | 13 | 13 | 13 |
      ____________________
    7 | 8 9 | 13 | 13 | 13 |
      ____________________
    8 | 11   | 8 | 13 | 13 |
      ____________________
    9 | 13   | 13 | 10 | 13 |
      ____________________
    10 | 11   | 13 | 13 | 13 |
      ____________________
    11 | 12   | 13 | 13 | 11 |
      ____________________
    12 | 13   | 13 | 13 | 13 |
      ____________________
    14 | 13   | 13 | 13 | 13 |
      ____________________
