      | a | b | c | d |
      ________________
 -> 0 | 1 | 2 | 3 | 4 |
      ________________
    1 | 1 | 2 | 5 | 5 |
      ________________
    2 | 5 | 2 | 3 | 5 |
      ________________
    3 | 5 | 5 | 3 | 4 |
      ________________
<-  4 | 6 | 6 | 6 | 7 |
      ________________
    5 | 5 | 5 | 5 | 5 |
      ________________
    6 | 5 | 5 | 5 | 5 |
      ________________
<-  7 | 6 | 6 | 6 | 7 |
      ________________
    6 | 5 | 5 | 5 | 5 |
      ________________
<-  7 | 6 | 6 | 6 | 7 |
      ________________
    6 | 5 | 5 | 5 | 5 |
      ________________
