      | a | b | c | d |
      ________________
 -> 0 | 9 | 9 | 9 | 5 |
      ________________
 -> 1 | 2 | 9 | 9 | 9 |
      ________________
    2 | 9 | 3 | 9 | 9 |
      ________________
    3 | 9 | 9 | 4 | 9 |
      ________________
    4 | 9 | 9 | 9 | 5 |
      ________________
<-  5 | 9 | 9 | 9 | 9 |
      ________________
 -> 6 | 2 | 9 | 9 | 9 |
      ________________
 -> 7 | 9 | 3 | 9 | 9 |
      ________________
 -> 8 | 9 | 9 | 4 | 9 |
      ________________
    10 | 9 | 9 | 9 | 9 |
      ________________
