      | a | b | &   |
      ________________
 -> 0 | 11 | 11 | 4   |
      ________________
    1 | 2 | 11 | 11   |
      ________________
    2 | 11 | 3 | 11   |
      ________________
    3 | 11 | 11 | 10   |
      ________________
    4 | 11 | 11 | 5 8 |
      ________________
    5 | 6 | 11 | 11   |
      ________________
    6 | 11 | 7 | 11   |
      ________________
    7 | 11 | 11 | 8 5 |
      ________________
    8 | 11 | 11 | 9   |
      ________________
    9 | 11 | 11 | 10   |
      ________________
    10 | 11 | 11 | 11   |
      ________________
    12 | 11 | 11 | 11   |
      ________________
